86343
12804
26955
26954
35571
26656
57836
98907
95330
10205
4878
78084
23581
839
40083
3915
6444
19271
88532
51358
25405
1740
56076
95079
98749
99259
56362
84308
94702
95193
82187
21604
29113
67106
1271
51744
80847
51935
42541
65804
8123
74602
37488
27059
75779
79959
2799
32655
48907
83967
57523
8277
42609
30525
91940
50393
80629
36144
62428
90591
71454
89149
86474
60501
7820
82281
55578
12839
55484
4828
11836
50286
19962
76244
6036
91165
22982
14872
17130
13924
10842
69075
27768
22423
27014
57077
91122
53743
23624
71675
55961
2943
26873
37615
11631
70020
47438
52799
41036
29403
90399
21133
91814
56219
2052
6387
10258
91269
87552
75041
40269
31841
35638
77387
54062
19037
59885
39498
48066
7941
40752
85442
14553
39498
8036
62749
58901
69678
72881
38431
3959
20162
28423
19797
66273
7140
81786
90156
92676
3888
20453
76674
40686
51914
42671
21795
37672
62294
6093
74046
39488
28647
34898
24316
38039
36910
66433
28489
44631
64500
21684
71618
38219
27543
36576
16013
31010
35218
71336
14536
40424
86901
7440
80746
90309
55353
31195
25023
76259
97436
56607
17283
73291
80388
46766
28560
11299
14639
56993
46901
19200
96455
84462
95319
50987
96897
71098
87814
50372
24268
44758
67869
99761
75853
30508
96749
56136
79911
63072
60310
73694
12463
69274
29387
30701
51711
43212
74025
39356
88093
88603
75329
68654
53688
62049
97257
87765
331
22975
87459
64940
65192
23875
17219
69709
87066
12889
63540
58453
58573
52483
99219
94119
90019
41243
79329
30861
55106
76217
58005
8131
44377
95072
60425
97994
20227
20493
84508
34065
57149
2046
27571
96342
25359
34472
53581
17062
18425
51313
90442
83375
67499
4436
95181
70443
61183
64598
31842
33902
3984
85994
61551
76684
64762
79003
76022
42742
81085
12798
16226
89260
40859
58028
20355
41769
3504
21747
7721
83596
59643
34749
614
89536
77366
75421
63880
97738
19251
12870
2884
97455
69309
99374
21365
63558
56865
23239
57132
22727
24049
42784
71773
80278
31822
33812
32527
4673
24370
86232
89974
13685
70107
38797
98449
6707
43969
40125
5310
92562
64456
8062
98080
71544
98438
90725
269
85436
82160
68889
74256
56450
98763
93026
23070
59739
72302
79660
18321
28517
91515
1934
27318
60851
69980
94513
31744
25518
11696
32833
58272
29195
40508
83410
34164
85492
51489
36339
33435
71976
96306
3573
53216
27217
12107
54704
41379
94127
41140
24916
94455
26518
17776
7235
41065
38986
68341
48256
63023
34681
44060
73830
64458
2116
51931
92994
6306
9188
18636
55155
8158
8708
2602
56961
94483
26171
62389
57679
59461
59510
37262
74549
27708
16051
99638
1214
38220
35564
78318
4408
84713
34455
85966
29846
72501
5725
33699
12395
36385
92302
5624
17222
86285
46442
69637
93777
7995
2835
23598
18109
62146
68355
21444
98185
87170
28665
34337
64311
89817
16983
99135
35847
83704
66124
88068
85905
32391
49691
68806
70238
91016
88054
54236
63237
72082
76716
33229
82789
48959
28415
70689
3868
2117
50230
7720
94276
42408
2193
73045
76459
55857
4559
99605
74840
69563
17380
95445
15088
1731
78203
202
86658
67514
31567
74937
2794
47362
60
48111
89869
72269
30967
16269
31655
37450
94982
23829
68205
10535
3530
57521
43770
18636
57941
63838
16579
74735
87636
32774
89193
54377
99945
74352
31058
68479
22519
69578
55557
54858
77842
61998
14437
8998
79122
56985
4825
53125
79322
78101
17409
54849
65093
58650
22995
96866
40590
52578
45482
18487
91346
26274
9663
70344
4171
34764
92965
3797
27636
81015
43917
64914
20801
11351
3990
69663
29666
41807
74765
45077
17313
25532
79357
58529
32318
16330
49623
62708
44944
43338
70751
89230
31503
1483
64095
32899
9242
91303
11128
96217
17964
84639
39511
34278
68880
12413
33896
85923
29498
23865
32130
77512
70085
28151
48928
26557
68419
22147
96314
37174
73080
99900
26108
71870
24805
68177
14080
20749
83694
45712
75137
46502
89045
69443
60633
35831
48760
89264
29247
31668
63196
20185
23632
84321
44356
22793
87758
66879
21705
6484
79066
50196
47597
31558
30021
34751
77757
23847
73933
35317
83768
87267
74589
30027
44449
73351
65385
79264
69015
35424
6822
42690
19783
44453
98259
70152
57988
50550
33152
65997
16301
50043
54123
82743
66662
80190
40937
16459
78054
49521
30898
91109
44489
25222
84343
81550
34985
76403
15970
66636
50016
37401
29754
18933
56113
98488
37606
33065
41374
51111
59489
75232
34442
53647
65061
23859
44901
33911
83800
91546
86088
35455
64778
49963
31100
40901
2193
27419
89240
64396
70342
45691
6395
22030
19034
9083
30586
15616
19340
88503
27243
68055
92114
55968
2665
66897
45630
17588
83958
30518
93611
97200
19340
44085
33223
3192
21288
72868
58380
7527
93954
37162
45606
80637
50106
33112
15870
20755
56637
64117
3731
21199
27043
75050
62467
73863
3910
17494
66568
35074
27216
67728
53909
7917
57701
49055
32839
68139
83450
16528
32611
71682
64450
30678
40619
96156
1031
99329
46834
61841
32337
4312
90946
61516
60779
60103
12480
28618
18811
8276
62472
64933
5292
77043
96450
96232
10515
64195
59837
90673
89981
18052
3339
16806
59331
99755
76446
40561
44623
24148
47831
75542
56720
94425
31510
17677
98101
63628
50139
98785
53670
73667
96010
14141
66528
78408
11176
33292
79817
79458
22391
51342
9443
75375
17591
41026
87935
27143
61026
12036
23374
85266
16749
80422
75507
38186
22918
61004
53736
99436
723
33622
33847
10723
70870
33392
18489
38503
14140
73456
90744
11951
93509
92131
14246
29154
51613
18741
68768
33470
58570
2543
81108
29394
51190
11385
64598
37865
48011
1522
61911
14592
34331
72217
47532
68211
19694
41733
46476
5794
4343
63878
39015
58115
56678
41770
13934
24861
91253
65925
97803
10040
68697
6866
72711
73247
14917
6605
2830
4906
37122
76694
78446
83218
70377
79046
80623
33339
43725
57152
96311
16542
33575
2895
90822
40266
9993
45677
92661
27929
8522
53847
76867
17208
33233
3067
17457
5360
20550
72069
48261
47897
81798
16537
32856
90182
35354
1263
95016
63350
79448
56249
19882
54826
77158
39458
20823
75632
27253
52066
76891
16816
47487
7955
67729
10792
17275
60734
57373
47840
62717
98851
77072
91724
87352
17955
45746
78215
29531
38239
52495
71703
