638	312	4.61
631	312	5.55
459	316	5.57
639	309	6.43
639	308	6.18
599	309	2.07
483	313	2.28
623	308	5.57
602	308	5.42
543	310	3.88
633	306	5.54
541	310	5.01
363	318	5.29
628	304	4.89
602	305	5.41
581	306	5.24
628	302	2.83
560	305	5.71
619	300	4.79
622	300	4.44
635	299	6.02
635	297	6.12
569	301	4.61
518	304	6.11
575	299	4.51
550	301	6.1
635	293	3.56
455	308	4.23
635	291	5.38
571	296	5.16
430	309	5.5
598	293	5.18
619	291	5.61
629	289	6.25
631	288	6.39
568	293	7.39
470	303	5.38
637	284	5.77
390	312	2.82
555	292	2.4
549	293	3.93
637	282	6.16
622	282	5.01
586	287	4.86
624	282	6.05
595	283	5.2
636	278	5.72
446	302	6.18
503	294	4.74
528	291	4.76
464	300	4.36
464	300	4.53
464	299	4.17
617	277	5.38
634	275	5.69
463	299	5.07
444	301	6.47
421	305	6.11
635	271	5.2
636	270	5.94
531	286	5.51
506	289	3.69
582	277	4.34
624	270	5.89
595	273	4.34
590	273	3.27
613	269	5.88
613	268	5.36
493	288	2.24
563	275	5.3
520	282	4.8
538	280	4.59
493	287	5.72
534	278	4.95
566	273	6.05
450	295	5.38
618	262	2.04
530	278	5.66
489	287	4.36
401	303	5.64
528	278	4.48
628	259	4.77
566	271	5.9
625	258	6.15
401	302	5.42
622	257	5.36
626	256	5.51
615	258	6.11
605	260	4.08
631	254	5.98
612	257	6.51
486	283	3.46
630	253	5.92
516	277	4.9
630	253	4.44
619	255	5.07
555	267	4.53
596	258	5.55
596	258	7.1
627	251	5.17
401	302	5.09
516	275	5.24
631	246	4.78
429	294	6.67
480	280	4.83
613	248	5.8
627	245	6.15
604	250	5.46
596	251	6.08
471	281	2.15
478	279	4.62
624	244	5.35
562	258	3.86
428	293	5.45
604	247	4.4
591	250	5.44
623	240	5.62
589	249	4.3
339	313	4.24
560	254	5.59
551	254	5.95
581	246	5.5
582	246	5.5
625	234	4.27
487	273	6.12
626	233	5.4
627	232	6.06
625	231	6.03
616	233	5.64
605	235	5.33
605	235	5.55
625	229	6.35
625	229	7.42
622	230	6.09
622	230	5.58
618	230	6.14
495	266	5.17
530	257	3.32
540	252	5.04
579	240	6.23
606	232	5.56
621	228	5.71
624	226	5.51
549	250	5.21
464	276	5.36
620	227	3.46
527	255	4.26
430	284	5.32
568	242	2.07
494	266	3.94
607	229	5.57
546	248	5.67
494	264	4.34
448	278	5.57
621	224	6.4
624	223	5.97
561	242	5.8
580	236	5.15
604	228	4.66
583	234	4.51
624	221	5.93
596	227	4.67
620	219	5.21
620	219	6.44
611	222	5.97
620	218	5.14
620	218	6.04
623	217	5.7
532	247	4.97
622	215	5.42
429	282	4.25
621	213	5.13
478	262	4.95
587	223	4.74
448	272	6.33
620	210	5.87
583	222	5.23
529	241	4.87
619	207	6.5
556	229	5.6
430	276	4.72
615	206	6.21
615	206	3.6
467	261	2.66
608	206	4.9
601	208	5.35
600	208	5.5
528	236	4.83
609	204	5.51
570	220	6.57
323	317	1.97
419	278	5.82
535	232	3.41
521	236	5.27
600	203	6.01
595	206	5.11
613	198	4.84
604	200	3.62
513	238	3.93
470	254	4.68
602	196	5.62
602	194	6.23
404	281	5.28
538	221	4.1
601	194	5.41
573	207	5.69
605	191	5.54
512	232	3.59
527	223	5.01
477	248	0.45
598	190	5.98
540	216	4.96
427	268	5.57
415	273	5.18
481	244	5.76
481	244	5.76
607	183	4.45
461	251	5.78
590	190	5.24
502	231	4.01
563	203	5.25
490	238	5.52
589	187	6.27
596	185	3.49
603	179	4.26
579	191	5.29
592	183	6.55
374	294	6.33
500	229	5.49
490	235	5.04
592	180	5.86
582	183	5.83
599	175	4.66
481	234	5.53
598	173	5.92
498	224	5.7
598	172	3.74
444	252	3.35
533	204	5.42
565	188	3.42
585	176	3.88
585	176	4.83
421	263	4.97
601	168	4.61
368	295	6.05
582	176	2.64
514	214	4.39
542	196	5.69
527	207	5.12
576	177	5.76
585	170	5.09
578	175	4.92
493	223	3.69
501	216	5.7
575	175	4.79
426	261	4.68
410	266	4.49
402	270	3.95
380	283	5.27
596	160	5.89
579	170	5.43
578	170	3.99
436	250	6
438	249	5.59
480	225	4.99
452	244	2.86
385	280	5.22
376	288	6.15
559	180	5.34
595	157	3.82
595	157	4.33
549	183	5.5
516	204	5.15
522	198	2.1
522	198	4.84
566	172	5.64
594	156	5.42
594	155	5.96
558	175	4.68
571	165	5.03
565	168	6.01
569	165	2.01
533	185	4.78
541	179	3
563	165	4.98
463	227	6.38
529	185	6.09
529	185	6.82
573	157	5.68
561	164	6.01
549	172	6.24
585	148	5.64
588	146	5.94
426	249	6.05
551	169	4.94
511	194	4.84
487	209	5.31
569	156	5.23
578	150	5.72
584	146	4.36
587	144	5.65
550	169	5.27
541	170	5.25
559	159	5.79
560	158	5.57
538	171	4.84
460	223	5.75
461	222	5.99
539	170	4.03
582	141	5.51
420	253	5.57
567	149	5.58
497	196	5.31
484	208	3.56
550	159	5.29
420	252	5.67
582	137	6.47
487	201	5.57
466	215	5.16
580	134	5.29
580	133	5.42
486	198	5.19
557	149	5.19
461	215	6.25
484	198	4.73
573	134	5.48
577	131	6.34
414	252	4.08
417	245	4.46
571	134	4.88
482	197	6.16
537	156	5.55
447	226	5.36
393	267	5.99
541	152	5.29
572	129	4.3
540	152	5.89
492	191	4.24
532	159	5.13
558	136	6.14
561	133	6.21
523	160	5.15
571	122	5.36
563	129	4.74
562	128	6
526	156	5.91
540	144	4.96
524	154	5.38
567	121	5.74
567	119	4.87
566	120	5.53
545	136	6.68
562	122	5.64
545	135	6.48
535	145	5.74
566	117	5.65
524	153	5.78
548	130	5.45
367	282	5.27
533	143	5.84
470	196	5.3
565	114	4.08
560	119	4.83
537	136	5.3
458	200	5.76
505	161	4.91
499	169	4.74
564	113	5.72
548	124	5.74
507	161	4.11
558	115	6.32
477	182	4.1
492	169	5.43
534	134	4.65
461	200	5.21
561	111	3.47
410	243	4.12
549	119	6.4
552	116	5.78
473	188	5.4
554	116	4.24
554	114	5.17
556	112	4.27
402	245	6.26
547	119	4.47
527	133	4.52
545	116	5.83
404	241	5.94
426	226	5.73
451	198	3.77
513	146	6.51
545	114	5.26
411	239	4.83
529	127	3.61
504	149	4.22
519	138	4.45
511	141	4.56
534	123	6.14
528	129	5.39
546	109	5.52
511	144	5.92
539	117	4.76
511	143	5.48
428	221	5.25
460	186	3.93
502	147	5.34
502	147	5.93
538	109	5.76
538	108	5.58
380	264	4.76
514	130	5.1
547	99	3.89
533	110	5.8
495	146	4.68
505	135	4.94
529	115	5.44
531	109	4.63
531	109	4.63
529	114	5.82
543	96	4.71
493	148	2.88
493	148	4.35
546	94	5.56
524	115	5.69
545	93	6.11
520	115	5.91
543	94	5.75
419	221	4.98
543	92	5.62
543	92	2.54
518	118	5.88
451	182	2.91
541	93	5.32
441	192	4.77
525	110	4.08
492	139	3.32
540	91	5.26
519	110	5.45
519	110	7
432	204	5.12
484	143	2.09
460	167	4.05
528	97	6.13
389	249	5.51
526	98	6.24
473	153	3.79
509	114	5.74
485	137	4.61
521	96	4.35
510	108	5.78
532	83	5.55
533	81	5.07
507	111	3.8
517	95	4.87
469	145	5.49
527	81	4.8
452	163	5.16
526	81	6.14
452	163	5.05
527	76	5.62
511	94	4.86
503	101	5.91
526	75	4.84
504	98	6.14
468	140	4.96
511	92	3.7
510	90	5.27
415	208	5.53
524	74	5.7
470	141	4.26
415	207	5.24
500	101	5.55
509	88	5.1
449	159	1.79
502	93	5.5
365	267	5.51
507	87	6.07
518	73	3.61
515	72	3.73
481	117	6.39
446	155	4.67
501	87	6.03
449	149	4.36
480	115	5.71
479	115	6.49
510	70	5.14
508	71	4.14
453	142	5.3
513	66	4.74
509	67	5.76
408	204	4.71
508	67	3.72
492	85	5.95
445	147	4.32
497	81	4.26
499	72	5.24
507	60	4.29
462	121	4.57
503	59	5.97
483	89	6.01
503	58	5.55
485	82	6.11
502	58	5.53
441	142	3.01
469	101	4.97
490	71	5.68
470	95	3.84
488	70	6.13
473	96	4.99
450	123	3.77
497	59	3.52
482	77	5.45
482	77	3.72
463	109	4.59
481	78	5.66
481	77	4.3
498	54	5.24
374	233	4.59
481	77	3.87
497	53	5.56
480	77	5.76
480	77	6.43
496	54	5.34
481	75	4.14
492	58	4.43
479	75	2.85
473	87	5.91
481	74	4.22
490	56	5.08
396	207	3.84
464	94	5.14
477	74	3.62
477	74	5.05
479	74	5.24
470	88	5.52
457	107	4.3
457	107	4.73
459	102	4.17
488	50	5.66
488	49	5.48
461	88	2.84
367	247	3.26
461	85	6.79
423	145	5.28
486	47	6.14
486	47	4.79
472	72	4.64
457	95	5.11
471	65	5.62
444	108	2.9
470	67	6.05
450	95	3.98
477	51	2.97
475	48	3.41
466	66	4.62
478	41	5.28
397	187	4.56
475	42	3.91
461	64	5.46
474	41	5.32
462	60	4.36
416	140	4.25
462	59	5.9
394	190	4.48
396	185	4.97
454	70	5.18
452	73	5.21
420	129	3.96
438	96	6.07
437	97	5.52
460	53	5.51
451	65	5.39
466	37	5.44
465	36	5.71
464	36	4.04
429	108	4.93
414	129	4.12
427	101	4.67
462	36	5.29
460	37	4.84
460	37	4.87
455	42	6.31
459	36	4.27
407	135	4.6
459	35	4.43
425	108	3.85
449	50	4.93
447	51	5.64
405	137	5.55
385	187	3.33
407	140	4.26
446	49	5.5
446	50	5.34
430	80	4.93
450	40	3.65
434	80	3.55
439	62	4.97
411	119	4.8
451	38	5.58
391	173	4.44
449	39	5.26
453	32	5.85
448	37	5.72
438	57	5.38
382	190	5.88
445	41	3.77
445	40	5.64
427	77	5.73
438	53	6.34
427	77	5.77
444	41	4.8
448	31	5.1
450	28	5.17
438	48	4.21
438	48	5.27
442	41	4.3
443	38	6.44
437	49	4.28
427	77	3.97
442	37	4.48
379	189	5.24
442	35	4.69
435	49	5.53
439	37	4.96
440	34	5.9
437	41	3.53
439	36	3.84
439	36	3.4
440	32	5.02
444	25	5.53
390	145	5.78
437	35	5.58
343	270	5.67
437	35	5.47
438	32	5.4
435	34	6.01
406	102	6.09
440	23	4.91
405	110	5.07
433	32	4.65
436	24	5.71
435	25	5.2
422	61	4.49
405	95	4.25
339	277	5.78
430	33	0.87
433	26	4.25
434	21	3.93
419	62	3.81
387	149	3.3
385	141	5.36
385	139	5.07
433	20	5.32
427	31	5.78
429	27	4.27
432	20	5.22
426	31	5.08
426	31	4.67
428	29	3.86
426	26	5.45
373	179	5.59
396	100	5.3
422	36	4.32
418	42	4.27
416	44	6.18
400	95	4.44
405	79	5.04
423	21	5.98
423	21	6.7
422	20	5.78
374	153	5.29
387	127	5.3
398	91	6.24
422	17	4.01
372	167	5.28
415	29	5.49
396	77	4.89
412	26	6.09
414	27	5.76
405	56	6.35
354	221	5.53
356	196	4.26
415	17	3.19
414	18	4.35
409	30	5.08
412	26	5.03
394	74	4.79
414	15	3.68
370	144	5.52
409	23	4.71
391	90	6.06
411	15	4.36
411	13	5.33
376	138	5.58
376	138	6.42
410	13	3.71
371	137	4.43
408	18	5.18
408	17	4.64
392	62	2.69
405	20	4.06
405	25	5.71
407	13	5.5
398	38	5.79
369	134	6.09
397	40	5.79
386	76	4.93
383	81	5.95
404	11	4.47
383	81	6.46
358	166	4.03
377	96	3.03
400	21	7.71
401	15	5.39
400	18	4.78
379	86	3.69
400	12	4.8
393	31	4.62
358	159	5.22
358	159	6.08
343	240	5.47
392	34	5.74
365	126	4.98
393	20	4.65
375	85	3.18
395	9	6.1
371	117	5.37
382	67	4.55
382	67	6.32
389	32	3.19
388	24	4.91
393	9	5.12
387	27	5.28
385	35	5.5
386	30	5.84
391	12	6.15
369	118	5.05
391	11	5.33
391	9	2.78
389	12	5.43
390	8	5.11
360	152	4.71
387	19	4.81
345	220	5.3
349	176	6.49
389	11	4.25
370	74	4.82
384	13	4.45
384	7	4.46
382	19	3.29
383	14	4.36
372	55	5.01
361	101	0.08
377	29	6.26
370	60	5.99
382	9	0.18
331	279	5.84
379	11	5.52
349	153	6.13
368	57	4.54
368	58	6.15
363	79	4.69
366	58	6.49
378	7	3.59
372	28	4.96
366	58	5.05
368	62	4.81
344	198	4.81
376	5	5.34
359	84	5.22
347	150	5.24
374	13	4.29
374	12	5.29
373	4	4.72
355	120	5.44
364	43	6.45
371	4	4.99
359	68	5.02
368	17	6.09
367	18	5
369	13	5.25
369	6	4.13
369	3	5.07
369	4	3.35
369	3	4.89
368	5	1.64
361	42	1.65
365	16	6.23
349	144	6.1
338	176	5.43
357	58	5.08
363	18	5.4
361	26	4.88
366	3	4.59
363	15	5.52
362	17	5.77
349	126	6.26
358	32	5.47
340	147	6.44
361	23	2.81
362	2	4.71
344	156	5.14
361	3	6.21
360	4	4.2
359	3	5.46
352	51	4.71
356	18	4.32
357	23	5.53
358	2	6.85
358	2	2.25
358	4	4.62
333	181	6.15
354	18	5.67
352	61	3.86
355	11	5.6
356	17	2.58
356	2	5.36
355	2	5.32
351	29	5.37
354	6	4.39
354	6	3.39
354	6	5.61
354	2	4.58
354	3	4.98
354	3	7.96
354	3	5.13
354	3	6.71
354	3	4.98
354	3	2.75
353	2	5.24
353	1	1.69
350	15	5.53
351	5	4.09
349	22	2.97
345	45	5.4
336	181	5.34
336	173	3.76
348	38	6.15
345	33	5.18
349	1	3.77
349	1	6.65
348	2	4.5
347	40	5.28
349	3	4.77
333	144	6.05
330	167	6.17
345	14	4.84
346	1	1.74
346	1	4.21
329	245	5.18
343	55	2.65
344	1	4.9
342	24	5.88
330	141	5.93
332	113	5.46
340	24	6.15
340	24	3.59
337	12	6
337	10	5.72
336	15	5.47
326	258	6.04
327	145	6.53
336	9	5.28
331	72	4.51
336	50	5.18
337	11	3.55
336	2	5.26
333	29	4.88
336	4	2.07
325	155	6.14
334	8	4.89
329	65	4.72
329	72	3.97
328	188	4.34
332	10	5.54
331	119	3.85
325	267	5.65
323	159	5.2
324	139	4.96
331	2	5.36
330	9	5.6
328	36	4.56
331	21	3.76
330	0	4.76
330	60	3.12
327	142	4.5
327	19	4.39
326	18	5.92
327	54	4.88
323	291	6.18
326	2	0.45
325	224	6.54
325	19	5.4
325	194	5.1
320	133	3.72
322	32	4.81
324	9	3.71
325	64	4.97
320	93	1.9
320	97	4.3
324	46	5.52
320	65	2.65
322	0	5.89
319	105	5.71
323	175	4.65
321	0	5.21
322	58	4.36
321	4	6.15
321	4	5.04
317	24	6.36
316	85	6.08
320	85	3.96
316	121	6.39
316	4	4.12
322	260	5.46
317	5	4.92
315	18	5.14
314	85	5.9
314	26	4.16
314	19	4.64
312	69	5.35
313	1	5.67
313	0	5.63
313	13	4.92
314	49	5.65
312	155	5.35
311	10	4.67
312	28	6.74
309	10	4.42
312	188	5.36
309	17	5.28
313	83	6.15
307	25	5.75
309	109	6.82
309	109	6.09
311	65	5
311	82	5.5
305	28	5.83
304	19	5.76
316	190	5.72
304	25	6.51
303	13	4.95
303	10	4.45
309	160	5.37
311	136	4.72
308	167	5.01
300	24	3.31
301	42	4.32
300	18	5.2
315	204	5.06
299	13	5.34
299	2	3.99
303	100	6.53
298	8	5.44
299	28	6.09
305	155	4.44
302	99	6.33
298	27	6.24
297	8	5.04
313	187	5.01
296	5	5.39
295	6	6.76
301	59	4.37
304	157	6.05
316	235	5.08
301	130	5.34
292	4	5.27
295	44	3.02
290	25	2.87
297	112	4.92
299	143	5.53
300	153	5.21
289	17	1.98
294	54	3.85
286	2	4.39
286	2	6.72
285	12	6.3
285	4	6.26
302	143	5.6
283	22	6.22
297	152	5.86
285	46	5.75
282	2	5.19
282	2	5.55
291	102	5.88
282	22	4.13
281	3	5.06
296	107	5.76
309	211	5.56
280	4	3.76
280	4	5.4
280	4	5.6
286	52	4.47
277	15	6.38
281	52	5.82
292	140	6.45
307	209	5.37
275	4	5.88
274	5	4.47
279	29	4.34
297	146	5.2
294	169	5.94
276	40	5.26
291	147	5.87
272	6	6.44
280	72	5.4
296	155	5.69
275	28	4.54
278	76	5.7
278	78	5.34
269	17	1.93
272	20	5.71
273	43	5.76
279	87	4.8
271	21	3.95
290	129	4.35
271	42	6.02
269	20	4.42
281	89	3.17
269	42	6.45
263	9	4.66
277	95	5.04
284	109	5.05
263	20	5.2
287	160	4.86
264	35	3.06
284	150	5.34
260	14	4.49
265	45	5.42
273	92	5.24
258	14	3.35
276	113	5.22
257	14	6.47
293	200	5.14
267	51	5.23
256	10	5.92
255	9	4.77
257	16	5.28
253	7	4.48
259	27	6.07
293	207	5.11
267	87	4.99
268	72	5.27
253	19	5.87
282	161	5.34
252	16	5.68
282	142	5.6
253	30	5.28
261	56	3.5
262	77	6.1
259	61	3.6
262	76	6.32
261	76	6.46
272	105	5.14
288	172	3.24
276	121	2.94
279	134	4.41
311	269	5.61
278	157	4.35
246	17	4.73
265	105	5.85
250	39	5.74
250	27	4.82
246	15	4.08
251	36	3.89
263	101	4.9
248	28	5.8
247	28	4.66
244	18	5
245	23	4.36
255	76	6.02
247	41	6.2
296	218	5.41
246	41	6.4
240	23	5.73
249	49	1.5
253	63	5.07
241	38	5.2
244	47	3.49
233	12	4.99
237	32	4.01
267	127	5.14
240	38	3.02
235	23	4.11
236	36	6
254	92	5.2
234	37	7.68
262	120	4.92
229	25	5.47
305	263	5.45
250	88	5.8
235	46	1.83
243	84	4.91
235	56	4.41
232	48	5.75
223	15	4.91
247	84	4.83
229	42	5.85
221	15	5.44
221	15	4.15
267	167	5.2
223	28	5.07
230	46	5.91
227	44	5.84
244	88	5.3
288	217	5.68
288	217	3.78
227	52	5.75
251	111	4.49
303	281	4.92
216	17	6.42
228	48	4.42
249	105	4.87
248	103	4.42
228	49	4.01
239	91	5.87
217	30	3.58
223	42	4.83
263	169	6.36
235	79	2.71
218	41	3.5
222	45	4.88
222	46	4.37
255	149	6.86
255	149	5.8
234	78	4.65
215	31	5.7
243	102	5.86
233	78	5.11
236	86	5.24
230	79	5.12
215	39	5.09
280	206	3.97
232	93	5.23
216	49	5.04
215	44	6.17
217	55	5.77
242	125	4.61
206	27	5.37
216	56	3.78
219	59	2.45
204	25	4.99
208	41	5.94
202	25	2.89
208	43	5.2
240	128	5.35
200	25	5.22
216	68	4.16
201	26	4.33
212	58	5.07
212	58	5.01
200	30	4.55
225	89	5.41
231	104	3.25
194	25	5.24
197	37	5.27
193	26	5.59
211	71	2.88
211	71	1.98
192	27	5.83
204	59	4.06
202	50	5.06
202	50	5.87
217	83	5.42
297	263	5.54
206	62	4.65
210	81	5.58
188	29	5.14
245	162	6.09
209	80	4.89
241	142	4.93
211	81	4.53
191	43	5.04
233	127	5.69
186	30	0.4
199	57	4.69
247	170	4.93
200	60	3.8
200	60	4.62
212	86	5.78
231	127	5.68
189	40	4.98
214	92	4.84
213	91	5.73
214	92	5.76
212	90	5.99
185	34	3.94
197	67	4.23
260	201	5.93
254	189	6.5
193	61	5.3
191	58	3.57
194	66	1.16
187	50	6.53
197	66	4.63
197	68	3.94
214	102	5.12
184	48	4.89
179	38	5.25
182	42	7.03
182	42	6.06
199	81	5.14
181	42	5.03
208	93	3.62
202	82	5.36
185	58	6.18
278	233	3.93
178	41	5.48
189	63	4.4
187	62	5.32
179	48	5.17
186	62	3.34
220	125	4.69
218	123	4.1
170	37	5.12
173	44	6.37
174	45	5.16
216	129	6.25
216	130	5.47
184	68	4.97
174	47	5.69
196	87	5.01
205	105	3.71
202	100	4.49
174	56	5.38
218	131	4.22
169	51	5.8
176	62	4.2
239	183	6.02
162	41	5.3
184	79	4.76
207	119	5.08
226	151	3.46
231	171	6.48
209	124	5.14
160	43	4.93
174	64	5.09
174	70	5.87
166	55	5.6
216	138	4.47
173	70	6.32
164	55	5.99
158	43	4.69
157	44	4.39
174	77	4.94
248	196	4.81
158	53	5.14
194	109	2.21
197	121	6.35
164	62	6.12
165	68	5.96
214	151	4.78
162	67	5.3
255	221	5.34
154	56	6.25
165	72	2.83
149	49	4.36
164	76	5.73
158	64	4.4
152	58	5.53
203	136	4.27
153	64	5.63
153	64	6.02
203	136	1.75
150	57	4.72
167	87	5.62
237	190	4.74
231	188	6.43
258	221	4.35
186	112	4.44
150	62	4.99
200	135	5.77
228	186	5.63
177	103	4.78
185	116	4.42
235	198	5.73
207	148	5.52
144	60	7.13
142	58	3.53
221	180	5.89
146	66	6.32
238	198	5.16
156	86	5.13
151	80	5.92
174	108	4.44
183	130	4.25
164	101	4.83
142	73	5.94
138	66	6.13
135	65	6.11
196	147	4.79
131	62	5.61
138	73	6.11
261	236	5.33
261	236	5.63
151	92	5.58
225	188	1.86
149	91	6.3
149	91	6.3
146	86	6.51
146	86	7.81
130	63	3.91
278	260	4.05
133	69	5.56
129	63	5.6
224	195	3.35
143	87	6.05
132	72	5.94
266	245	5.28
280	263	4.34
243	215	3.77
204	166	5.08
235	214	5.47
140	89	5.71
133	79	5.33
190	149	5.33
160	118	6.2
134	84	5.33
139	90	6.35
125	72	6.48
159	118	5.76
130	85	6.55
233	216	5.63
121	73	5.72
230	213	4.59
120	75	5.92
191	159	5.01
117	73	4.14
119	76	6.54
193	163	5.79
213	187	4.84
214	188	5.27
115	74	4.45
137	98	5.24
175	149	5.35
171	139	4.11
126	89	6.39
125	89	6.29
119	80	4.98
141	106	4.86
152	120	3.97
120	85	4.87
178	152	3.77
195	172	3.6
125	94	4.66
115	83	5.62
179	154	4.74
111	78	4.3
216	196	4.31
112	80	4.63
251	237	5.19
119	91	3.94
138	113	6.12
112	82	5.63
144	117	3.68
110	80	6.13
133	110	6.58
133	110	4.03
184	163	5.15
165	142	4.05
111	86	5.89
108	82	3.38
113	87	4.32
198	180	1.93
172	153	3.87
106	83	4.35
203	189	4.5
104	83	5.3
280	273	5.46
216	210	5.72
162	150	5.15
110	93	6.36
155	139	5.47
128	111	4.02
135	123	5.67
168	153	4.94
127	114	6.25
127	114	5.96
103	87	5.55
280	274	6.05
170	158	5.09
224	221	5.57
130	120	5.4
123	116	5.23
108	99	6.28
99	90	3.11
102	94	5.44
100	91	6.07
100	91	6.67
132	127	5.44
123	115	4.87
104	99	5.22
126	122	6.25
104	99	5.68
169	168	3.12
211	206	3.84
100	97	4.26
185	180	4.68
129	128	5.23
232	234	4.74
150	151	3.96
205	202	4.93
127	129	5.89
118	121	6.07
149	149	4.45
163	168	3.57
111	116	5.45
204	203	5.17
116	123	6.67
227	234	5.15
88	100	4.99
163	168	3.75
228	230	4
228	236	4.8
174	185	4.46
116	130	5.42
90	105	5.23
214	224	4.67
110	125	5.95
101	119	5.16
109	123	4.62
87	104	5.6
150	161	2.23
117	135	6.04
100	119	6.04
87	105	5.47
242	246	4.66
250	253	4.47
116	133	5.59
205	218	5.18
90	113	6.49
145	165	5.3
83	107	6.1
197	209	3.43
187	204	5.28
178	196	4.8
209	220	3.96
80	108	3.89
87	116	5.36
145	165	5.24
129	152	5.85
303	302	5.43
79	112	5.24
131	155	4.92
80	113	5.49
128	153	4.63
237	246	1.67
124	154	3.82
190	207	4.34
166	191	6.14
196	213	2.21
166	189	5.26
116	151	3.14
80	118	4.77
77	117	4.8
98	136	4.71
206	225	4.79
96	139	4.47
102	142	4.71
178	203	2.47
71	120	5.6
143	182	5.4
71	124	6.53
71	124	1.99
87	137	4.72
170	201	5.09
70	125	5.4
69	125	5.72
204	232	3.65
67	124	4.59
108	158	5.87
115	161	4.51
241	262	5.77
111	162	5.39
231	254	4.54
84	142	4.32
161	201	3.17
68	130	5.07
103	155	7
103	155	6.18
69	131	4.99
126	172	3.6
64	127	4.54
103	156	5.91
113	166	6.19
280	287	5.34
161	203	4.47
112	166	4.54
181	214	3.16
63	131	5.56
110	167	5.4
203	232	6.1
69	137	6.32
158	200	5.01
245	263	5.46
188	222	4.08
70	140	5.73
61	134	5
120	178	5.28
63	136	6.4
59	135	4.68
150	198	4.34
239	265	5.15
130	184	5.51
58	136	3.9
62	139	6.31
65	142	5.07
117	180	5.61
60	140	3.52
83	156	6.26
194	231	4.51
103	172	6.12
78	153	4.76
279	290	5.07
90	164	5.64
201	241	6.51
62	146	5.36
174	224	5.09
85	161	4.78
75	158	2.97
163	214	5.56
58	147	5.67
57	148	6.44
133	199	5.08
57	148	6.02
197	238	3.69
180	232	3.78
68	159	6.1
207	246	2.92
207	246	6.26
50	149	6.24
160	220	4.55
56	153	6.45
131	199	5.09
49	149	6.01
72	165	5.29
258	279	5.43
58	155	4.11
75	168	3.88
48	150	6.02
50	152	5.07
133	203	4.58
143	213	5.27
112	197	5.11
50	161	5.26
160	225	3.52
43	159	6.69
96	189	5.23
45	161	4.68
84	185	5.37
40	165	6.43
46	170	4.6
39	169	6.2
89	196	4.49
49	175	3.48
41	171	4.39
37	169	4.48
43	173	1.36
282	298	5.53
39	173	5.91
144	227	4.85
42	176	3.61
38	174	5.64
278	297	6.6
42	178	6.43
184	249	6.94
35	176	5.77
176	249	6.18
75	199	6.47
107	214	3.85
69	197	5.49
205	262	5.15
198	262	5.74
67	197	6.46
55	191	5.95
108	218	3.45
55	192	3.43
40	184	5.42
222	271	3.29
54	192	5.81
34	183	5.25
181	253	3.39
46	192	4.78
47	192	2.01
47	192	3.8
29	186	6.66
101	220	3.06
38	191	6.16
157	245	4.5
77	211	5.89
30	189	6.06
102	221	4.82
76	211	5.52
28	189	5.93
30	192	5.61
205	268	4.97
76	213	4.72
39	197	3.83
83	219	4.2
29	196	6.01
239	284	3.99
68	211	4.28
198	269	6.32
162	252	4.65
154	251	4.82
89	224	5.79
167	255	3.81
24	197	5.19
65	214	5.57
24	197	5.08
69	218	5.9
32	204	5.43
26	202	3.84
144	248	4.89
110	235	5.76
76	223	5.57
228	282	4.72
179	263	3.3
157	257	5.16
117	239	5.02
47	212	5.08
24	204	5.07
25	205	5.67
79	227	6.29
89	230	5.5
33	210	6.01
159	258	4.45
28	210	4.89
168	262	5.08
65	225	4.68
120	244	3.84
83	232	5.84
32	213	4.91
261	297	4.11
166	263	4.69
195	276	5.12
150	257	4.29
18	212	6.25
156	263	5.79
49	225	5.51
42	223	5.08
18	215	5.77
189	274	2.74
171	268	4.58
17	217	6.27
156	265	6.34
59	232	5.36
18	219	6.38
32	224	5.5
25	222	5.49
167	268	6.21
29	224	5.44
122	254	2.69
54	234	6.15
20	224	5.32
15	223	6.61
50	234	6.05
269	303	5.46
27	227	3.11
270	303	4.45
151	267	5.66
163	271	5.57
18	225	5.8
142	267	5.12
66	244	3.79
96	253	4.66
32	234	5.23
13	228	5.45
42	238	6.19
65	245	5.73
161	272	3.78
63	246	5.02
40	239	4.3
40	239	6.3
12	231	5.91
14	232	5.91
42	241	6.36
168	276	5.93
74	250	4.6
84	256	5.03
26	241	4.08
80	256	5.06
11	238	4.84
91	258	4.37
12	238	4.98
148	275	2.34
10	239	4.73
29	245	4.42
173	283	1.81
9	242	5.95
75	259	6.01
11	244	4.62
290	312	6.19
43	252	4.92
43	253	5.69
8	246	5.52
33	253	6.48
175	285	4.62
36	255	5.7
97	270	3
159	283	3.93
173	286	5.11
31	258	4.46
23	257	6.11
164	287	4.59
6	255	5.4
26	260	2.56
17	258	3.33
31	262	4.56
14	260	5.31
6	259	4.45
5	260	5.18
51	270	3.79
51	270	4.41
56	271	3.49
72	275	4.76
5	262	5.9
15	265	3.56
6	266	4.05
136	288	3.9
90	282	4.99
20	271	5.08
9	270	4
4	270	5.39
9	271	4.81
18	273	4.06
16	274	5.58
4	272	6.35
3	273	6.49
10	275	5.93
3	275	4.95
74	286	5.3
14	279	5.74
88	290	5.94
3	278	4.77
18	281	5.54
207	305	3.82
12	281	6.27
158	300	5.07
158	300	5.12
42	286	4.93
42	286	5.64
50	288	3.54
2	284	5.76
15	286	5.95
134	299	4.62
207	308	5.19
104	296	5.64
105	297	5.26
175	304	3.11
6	287	4.7
1	287	4.3
105	298	5.46
89	298	5.56
242	312	5.64
102	299	6.09
4	290	5.24
9	291	5.48
58	297	4.7
23	295	5.26
56	298	5.31
48	298	5.73
194	310	5.32
16	299	4.71
3	299	4.84
2	300	4.04
105	306	3.69
193	312	3.63
20	304	4.5
3	303	5.31
194	313	4.75
10	305	2.14
178	313	4.3
0	307	3.59
94	311	4.47
54	311	4.29
130	314	2.41
99	315	6.54
3	313	5.58
99	315	7.16
11	314	5.53
143	316	5.83
14	314	5.17
254	319	4.88
0	319	5.36
2	321	4.65
18	321	5.28
86	322	5.22
176	321	4.32
22	325	5.89
175	322	4.72
245	321	5.04
3	327	4.12
182	324	4.14
108	327	5.34
117	327	2.58
29	330	4.02
0	333	5.95
1	333	5.72
24	333	3.02
13	334	6.4
27	334	5.45
124	329	3.97
32	334	5.66
146	328	6.34
20	335	5.6
211	326	6.05
5	338	5.85
97	333	5.31
129	332	6.18
154	330	2.79
146	331	3.32
15	341	2.58
11	341	5.09
77	337	5.69
28	340	4.93
200	329	4.06
260	324	4.24
180	331	4.06
1	346	5.9
137	335	5.01
26	344	6.26
38	343	6.38
1	347	3.89
110	338	5.28
1	348	4.97
24	346	5.2
16	347	4.72
162	334	3.59
150	335	5.54
198	331	5.15
202	331	5.73
33	348	4.78
2	351	6.46
31	349	5.66
60	346	5.32
85	344	6.03
122	340	4.76
34	350	5.17
60	348	5.71
145	339	5.82
72	347	5.01
176	336	0.77
176	336	1.73
176	336	4.86
121	343	4.82
37	352	4.92
40	353	4.35
36	353	4.98
116	344	3.91
141	341	5.68
73	350	5.45
34	356	6.63
34	356	5.29
30	357	5.47
23	358	5.68
15	359	2.94
153	341	5.37
122	346	6.21
155	341	6.07
147	343	1.59
207	334	5.01
147	343	6.42
31	359	5.47
158	342	5.49
222	333	3.84
15	362	4.3
8	365	6.29
31	362	6.28
7	366	5.48
82	355	4.24
29	363	2.65
210	336	3.85
28	364	4.8
19	366	6.57
19	366	5.03
211	336	4.95
207	338	2.69
5	370	5.88
159	345	5.5
18	369	5.7
110	354	3.85
6	373	7.08
81	360	6.35
7	374	4.66
25	370	5.49
78	362	4.63
113	357	2.2
209	340	6.31
161	349	4.91
10	376	6.22
5	377	2.74
5	377	3.68
10	377	4.88
7	377	5.57
112	358	4.66
175	346	6.02
167	350	4.69
203	343	3.04
77	368	5.95
99	363	5.42
9	382	5.22
10	383	5.65
19	381	5.12
161	353	1.25
13	384	6.11
7	386	6.42
15	384	6.47
196	345	5.43
16	385	5.71
112	364	6.25
42	380	5.76
293	326	5.45
61	378	4.9
8	391	6.02
43	383	4.93
22	389	6.32
115	368	4.33
82	376	4.25
166	356	5.89
9	393	6.11
29	388	4.89
160	358	4.62
151	360	5.08
151	360	4.03
16	392	6.25
13	394	4.77
145	361	1.76
108	371	5.75
9	396	3.39
125	369	5.17
76	380	5.61
76	380	2.89
190	351	5.23
24	397	4.76
11	402	5.79
222	347	3.61
54	391	4.88
11	403	5.99
197	352	5.37
25	400	5.97
148	366	4.93
17	404	2.85
120	376	4.83
12	407	6.62
116	380	4.71
122	379	4.27
71	393	5.2
33	405	6
36	404	5.53
192	359	5.44
48	401	4.8
19	411	5.15
17	413	5.57
38	407	4.94
19	414	5.95
16	415	4.38
81	394	6.25
28	411	4.32
28	411	5.22
81	395	5.91
27	415	5.04
50	407	4.23
32	415	6.26
206	358	4.79
34	415	5.31
35	417	5.21
90	398	5.77
62	409	5.1
21	423	5.19
19	425	4.78
90	400	4.72
33	421	4.74
43	419	2.99
124	389	5.14
79	408	2.75
90	403	5.6
174	374	4.52
21	431	5.89
191	369	4.52
242	350	5.04
34	428	5.36
22	433	5.88
22	434	5.76
241	351	6.62
148	385	2.23
148	385	3.95
27	434	0.98
148	386	3.99
29	435	5.27
34	434	4.76
134	396	5.04
32	436	4.97
48	432	6.4
29	439	5.65
298	330	5.56
26	442	6.1
92	415	3.9
41	438	6.01
27	444	4.68
36	441	5.52
30	444	5.21
28	445	6.68
27	447	4.92
34	445	5.92
26	448	3.38
153	392	5.6
28	448	5.7
127	404	4.68
85	426	4.82
147	400	2.29
152	399	4.99
144	401	5.46
47	447	5.73
79	434	6.58
52	446	5.63
34	455	5.03
152	398	4.63
32	458	5.35
44	455	5.55
79	439	4.23
44	456	6.18
141	409	4.64
40	459	5.5
89	436	5.15
48	457	5.41
62	449	5.97
47	457	4.5
153	403	5.68
107	429	3.41
133	414	1.85
85	441	4.19
110	428	3.47
50	460	4.96
46	461	4.05
100	432	7.4
55	457	4.92
149	410	5.26
82	445	4.32
82	445	6.06
80	448	4.75
91	443	5.53
51	464	5.71
199	383	4.58
129	424	2.55
39	473	5.16
53	465	2.68
153	410	5.7
40	475	5.9
72	458	5.02
113	437	3.83
122	432	3.87
67	463	5.2
61	467	5.76
68	465	5.77
126	433	4.34
257	358	5.69
74	463	6.23
44	481	4.23
184	401	0.61
114	445	4.36
76	469	3.25
100	455	2.06
51	485	5.46
201	391	3.67
53	487	6.45
143	430	5.26
278	348	4.89
75	476	4.82
247	364	6.43
81	475	5.07
56	492	4.18
261	356	4.8
60	492	5.53
187	410	6.39
154	428	6.62
154	428	4.53
57	494	5.29
275	351	5.06
56	497	4.07
291	341	4.31
154	431	4.75
136	444	4.18
65	494	5.84
137	446	3.55
70	492	5.86
175	421	4.3
64	497	4.52
105	467	4.8
64	498	5.41
57	502	5.14
113	465	4.05
68	495	4.84
119	464	4.41
90	485	4.78
66	503	6.22
138	454	4.56
139	453	4.33
160	437	4.04
77	500	5.4
65	510	6.18
97	487	4.97
64	512	4.81
66	511	5.42
155	444	5.58
159	445	4.44
102	489	3.57
256	367	4.25
87	502	5.91
122	474	3.04
135	468	2.33
103	493	4.47
148	460	5.39
159	452	4.05
200	420	1.35
217	408	3.18
144	466	5.39
155	460	2.3
274	360	3.83
127	484	4.01
85	518	4.49
85	518	5.88
82	521	3.78
82	521	4.43
78	525	4.86
81	523	5.55
100	509	5.7
122	491	4.06
78	527	3.87
123	492	4.92
103	507	4.8
174	450	5.22
103	511	5.15
79	531	5.68
90	522	4.6
88	524	6.33
105	507	2.35
105	507	2.7
80	532	3.73
105	512	5.61
106	512	5.23
107	511	5.76
90	528	5.32
293	346	5.65
111	511	4.42
150	477	4.32
93	528	5.15
94	528	2.75
156	469	5.76
85	537	4.93
164	462	5.68
225	409	6.09
267	371	5.37
98	525	4.54
293	347	5.65
109	520	5.27
215	422	5.08
93	535	5.78
181	454	5.38
300	341	5.88
255	379	2.07
95	538	5.48
91	542	4.47
153	484	2.68
91	543	5.51
151	487	3.13
118	519	5.65
96	540	6.61
96	540	5.88
97	544	4.91
144	494	5.64
226	411	4.63
122	521	5.83
223	421	5.16
95	548	5.71
116	526	4.8
96	548	4.39
149	493	3.49
119	528	3.25
169	477	3.91
169	477	4.82
122	525	4.52
170	474	4.83
109	543	5.19
167	485	4.07
172	474	5.59
121	531	4.93
124	530	5.67
178	476	3.88
178	476	5.7
188	466	3.41
167	490	4.83
118	543	4.54
119	545	6.07
127	536	6.47
139	524	4.91
118	548	6.18
218	437	5.04
227	428	4.85
212	445	4.07
244	408	2.87
109	559	5.32
135	529	5.28
109	561	5.62
144	521	3.46
180	483	4.27
113	559	2.61
140	530	4.35
113	564	5.04
165	506	3.22
183	485	4.99
184	484	5.65
125	553	6.16
122	557	6.14
216	446	4.48
155	518	3.57
175	495	3.37
141	533	5.51
115	566	5.35
158	518	4.54
254	395	5.02
121	561	6.29
148	527	5.38
165	511	5.36
118	568	6.11
122	564	4.92
164	514	4.6
145	534	4.99
145	534	6.08
302	345	5.57
264	392	5.4
160	517	4.31
160	518	6.51
256	396	3
127	561	5.16
131	561	5.64
216	448	3.29
123	572	5.15
147	540	3.66
134	563	5.82
173	512	5.04
136	565	5.53
135	565	6.22
244	424	4.11
128	576	5.5
174	513	4.98
152	547	5.13
177	514	2.8
132	573	4.61
156	538	4.14
186	503	4.55
267	394	5.64
137	569	3.91
133	573	3.8
133	573	3.8
150	550	2.22
155	549	3.6
140	566	6.1
183	511	4.34
132	579	6.51
173	520	5.14
135	575	5.26
139	569	5.93
159	546	3.66
145	566	5.36
168	536	4.66
178	518	5.25
152	560	4.97
190	507	4.64
277	375	5
287	362	6.57
172	529	6
172	529	5.07
176	529	5.23
149	568	4.75
171	537	4.75
144	572	6
148	567	4.51
143	576	5.34
147	570	5.8
147	575	5.41
158	556	3.81
141	585	5.86
142	583	2.63
169	543	5.57
149	573	6.15
143	586	5.39
149	577	3.65
145	584	4.42
150	579	5.71
147	588	5.53
155	575	4.09
147	589	3.54
166	556	5.89
177	545	3.97
166	563	4.63
148	589	5.21
165	562	4.59
259	419	5.11
149	589	3.71
154	581	5.2
149	590	5.09
245	442	2.83
160	572	4.74
181	540	4.79
162	575	5.04
282	376	4.29
168	566	4.59
159	581	4.13
156	585	6.07
169	567	5.87
195	520	4.6
163	578	5.95
171	565	5.63
155	590	6.28
184	548	5.14
184	548	5.59
177	559	3.87
198	519	5.35
161	584	3.85
189	536	5.43
198	521	5.73
161	586	5.54
162	587	4.95
175	568	2.89
174	565	4.14
194	537	3.42
172	576	2.29
167	585	5.47
175	568	2
162	594	5.53
236	469	4.63
218	502	4.65
169	584	5.1
187	552	5.39
182	561	4.98
175	576	4.82
165	598	6.07
168	594	4.16
168	594	4.77
212	518	4.73
211	513	4.72
175	584	2.56
175	584	4.9
237	465	4.01
198	545	4.22
178	583	3.93
241	470	5.57
178	583	4.31
172	595	5.75
171	598	5.63
176	590	6.25
176	590	5
172	599	5.69
177	590	6.13
200	547	4.73
238	481	5.78
293	376	4.68
234	489	6.03
293	377	5.27
214	520	4.23
236	485	4.95
191	572	4.58
192	570	5.67
182	588	6.3
183	588	4
257	447	3.86
176	600	4.93
176	602	5.43
284	383	5.73
180	592	6.09
186	581	5.74
224	514	5.13
176	604	5.46
180	600	5.24
177	605	2.73
230	505	4.97
180	604	5.49
202	558	5.23
202	558	6.66
186	591	5.72
199	573	4.8
219	532	5.44
233	505	4.01
198	571	5.8
183	608	3.23
284	389	5.48
197	584	4.55
283	392	6.36
199	582	2.9
226	520	3.91
187	611	4.82
194	595	3.74
277	420	4.9
297	377	3.86
206	569	4.86
197	594	4.48
210	562	5.2
210	562	5.4
265	448	5.28
208	566	6.41
191	610	5.83
202	589	4.57
202	589	5.92
234	518	4.46
285	391	4.95
195	604	4.57
200	598	4.22
199	597	6.7
218	552	5.53
196	611	4.62
257	459	2.73
209	584	1.06
209	587	4.79
220	563	4.24
227	539	4.83
204	603	4.29
206	595	2.78
198	615	3.82
272	443	5.5
205	597	5.24
208	596	4.45
235	534	4.86
239	514	6.44
201	615	5.63
203	611	4.84
274	426	4.94
297	385	4.23
218	583	2.82
226	564	4.18
233	539	4.2
205	618	5.77
280	431	5.89
208	614	2.54
250	500	5.53
251	500	5.07
251	500	6.53
211	620	5.77
211	620	6.92
217	607	4.91
247	517	4.86
212	621	5.74
228	576	2.81
224	588	5.92
284	429	1.91
237	555	3.48
273	449	4.84
217	623	6.02
229	594	6.72
219	619	5.15
270	476	3.77
220	623	6.07
221	622	5.22
240	572	2.29
225	619	4.64
246	560	3
224	622	5.48
246	561	3.56
252	531	4.82
225	625	5.51
237	585	5.73
252	546	4.7
229	615	6.51
234	598	5.03
253	546	3.62
241	580	5.34
230	625	5.23
230	622	4.39
272	492	3.12
247	577	5.48
239	603	5.57
239	596	6.06
235	611	5.35
270	505	4.06
235	624	3.19
242	598	6.27
245	600	5.74
272	505	5.27
282	449	4.88
238	628	4.82
283	449	6.4
244	613	6.28
305	362	4.21
249	585	3.92
252	578	5.27
256	577	4.83
243	620	4.97
256	572	6.19
246	623	4.89
276	500	4.91
276	500	5.8
261	572	5.41
253	620	2.43
271	548	3.32
258	605	6.2
255	627	5.32
290	448	3.17
264	600	4.33
264	600	5.07
259	623	2.78
259	623	5.39
263	604	3.12
302	427	5.39
259	634	5.89
259	634	4.72
300	439	4.76
270	571	3.16
266	606	5.14
266	606	6.59
270	583	4.8
263	629	5.03
273	570	4.64
269	614	4.39
266	627	4.32
290	473	6.32
285	533	5.21
272	606	3.27
270	606	5.13
273	586	5.38
275	598	5.3
292	499	2.84
293	495	3.31
281	538	5.51
289	520	5.19
274	611	5.7
279	571	5.47
279	571	4.52
277	608	4.16
280	594	4.28
273	635	4.53
273	635	4.34
300	475	3.6
287	572	2.7
289	530	5.83
294	524	2.84
283	610	4.78
283	605	4.41
290	573	1.62
285	599	5.66
294	514	2.79
296	539	4.56
288	614	6.47
294	568	4.26
285	633	5.8
302	504	5.25
296	552	1.86
297	501	4.89
297	501	4.86
285	630	2.08
289	627	3.54
305	438	5.07
289	635	4.58
302	527	4.76
291	610	5.76
303	469	5.23
298	530	5.35
301	567	2.39
294	630	4.24
311	456	3.61
306	517	5.12
300	541	3.82
298	616	4.86
308	435	4.77
297	610	5.56
297	638	2.76
298	610	5.73
298	638	6.16
306	564	2.99
304	602	4.53
312	509	5.68
303	602	3.42
303	639	3.75
308	575	3.19
309	564	4.78
312	511	6.09
312	417	4.57
312	417	5.81
305	608	5.09
310	522	5.02
309	637	6.18
310	532	6.78
313	610	6.18
312	565	5.17
314	607	5.47
315	494	3.73
315	574	3.86
318	635	3.32
319	612	4.74
316	392	5.02
316	544	6.22
317	599	3.7
317	519	2.24
318	596	4.41
320	639	4.62
320	639	4.79
320	626	4.67
320	639	3.93
321	625	6.27
323	332	5.29
322	639	4.42
323	611	5.37
317	418	5.43
321	617	5.18
321	617	4.96
324	636	5.94
324	636	5.24
324	611	5.89
323	619	5.25
323	614	6.22
326	598	4.66
325	525	3.65
325	461	4.33
326	595	2.98
326	639	6.14
327	639	4.03
326	470	5.47
327	616	4.96
330	636	4.64
330	635	3.71
328	595	5.05
329	600	3.84
329	607	5.83
329	607	5.79
330	542	4.52
331	618	4.37
317	338	4.35
331	620	5.1
333	638	5.71
334	612	4.96
320	375	6.11
320	375	5.74
317	336	5.78
337	618	3.84
334	592	4.96
338	616	5.49
339	619	5.96
339	618	5.29
328	402	5.47
339	575	3.1
340	584	6.03
328	458	4.99
335	471	4.35
345	596	2.72
344	610	5.3
348	621	5.76
327	435	5.96
349	638	4.85
346	615	4.92
349	638	3.23
342	577	4.33
345	596	5.61
345	599	5.12
347	582	1.79
352	634	4.66
349	593	5.58
350	615	3.85
353	617	4.81
346	540	3.49
346	565	5.11
346	527	4.1
355	606	2.82
340	467	4.63
357	637	5.2
329	421	4.22
337	484	4.98
328	414	3.55
359	627	4.67
350	540	4.92
361	637	5.38
351	541	5.07
334	451	4.82
354	554	4.62
356	567	6.31
356	567	5.67
364	636	5.93
363	609	5.49
363	608	6.53
368	632	3.85
344	492	4.77
339	420	4.01
372	635	5.76
360	566	0.03
360	562	6.02
373	607	6.22
377	630	4.7
367	566	5.11
379	630	4.88
348	451	5.71
376	599	3.17
382	633	5.02
379	609	5.37
353	497	5.03
370	558	5.2
367	561	4.67
367	561	6.02
367	561	4.59
367	561	5.37
369	568	4.34
369	568	5.73
384	633	5.89
379	613	4.19
368	546	5.46
385	632	4.22
385	631	5.38
369	546	5.6
381	617	4.34
353	465	4.22
384	613	5.22
364	511	5.18
385	609	6.29
377	582	5.93
391	631	6.08
378	583	5.22
377	580	3.52
350	440	4.4
387	610	5.43
389	609	5.68
389	606	4.86
390	606	5
388	598	2.05
336	398	5.37
356	478	4.63
360	473	5.14
379	568	5.58
389	606	4.57
368	506	4.85
396	628	5.58
380	568	4.22
397	629	4.62
397	629	4.98
394	610	5.02
398	628	4.83
394	609	3.52
384	566	4.83
375	543	4.08
399	629	5.56
396	615	5.33
398	620	5.91
399	620	5.27
361	485	5.67
399	618	4.02
388	580	3.25
344	419	4.82
384	548	4.74
390	581	4.94
404	626	4.02
394	587	2.6
406	627	5.4
375	507	5.17
377	530	5
402	605	3.76
367	494	5.51
409	626	5.4
392	564	4.23
392	564	4.99
324	323	5.45
401	591	3.32
407	618	2.99
410	625	3.43
391	552	4.57
410	623	6.09
410	620	5.07
373	503	5.4
395	560	4.11
394	556	4.1
398	578	5.2
394	567	5.25
409	604	2.88
414	623	5.23
357	427	6.25
418	621	5.35
404	580	5.93
421	623	5.14
359	444	6.26
413	593	4.86
373	486	5.13
407	572	6.58
398	555	4.43
416	602	5.65
424	621	5.59
420	605	4.88
417	601	4.76
374	482	5
357	435	3.07
342	391	5.11
402	557	4.35
424	615	5.28
417	597	5.46
427	621	5.1
427	621	6.4
421	603	6.5
383	500	3.8
385	494	5.03
426	613	5.53
427	614	6.03
429	619	4.98
430	620	5.46
400	533	3.96
426	605	3.92
427	608	4.52
400	532	4.27
426	604	5.84
406	546	3.96
349	406	4.45
421	588	5.22
425	591	5.02
426	592	5.45
430	605	6.27
365	443	4.6
419	579	4.99
433	611	5.17
429	596	5.57
436	617	3.36
429	600	5.14
437	617	4.64
430	599	5.6
390	488	6.29
318	325	6.31
414	559	5.17
441	615	5.79
440	613	6.37
429	589	4.44
429	588	5.82
392	501	5.73
434	597	6.34
443	614	5.03
428	580	3.05
429	580	5.12
395	503	3.76
406	515	4.88
422	562	4.74
446	610	4.45
446	607	5.12
438	585	5.64
440	595	5
438	584	4.59
432	575	5.39
450	609	4.93
451	611	4.36
423	553	6.03
451	610	5.45
363	422	4.67
446	599	5.67
403	506	4.49
443	586	6.33
453	609	5.18
450	597	5.3
436	571	4.68
448	595	4.39
456	609	5.64
418	532	5.41
452	600	5.98
450	596	4.39
452	597	5.06
454	602	6.33
455	602	5.28
407	503	5.99
407	503	6.25
446	579	5.5
400	477	5.33
457	599	6.25
454	589	4.87
431	548	4.89
461	604	5.89
460	601	2.72
419	522	2.86
439	557	5
457	590	3.68
463	598	5.75
458	588	5.01
466	598	5.38
466	599	0.76
466	598	5.12
462	586	5.88
457	581	4.9
435	541	5.18
432	535	5.68
470	602	3.87
462	587	6.24
409	490	5.03
434	528	4.12
369	416	3.84
471	597	5.76
367	401	3.97
458	577	4.57
471	597	5.7
471	597	6.49
471	597	4.71
473	600	5.6
458	571	4.7
473	598	3.71
382	428	5.75
459	568	4.54
401	471	5.14
468	588	5.71
472	594	5.28
383	428	5.32
441	539	4.95
471	588	5.01
447	548	3.89
462	569	4.84
414	490	4.91
470	586	5.54
450	546	4.37
451	547	5.3
469	582	3.51
466	575	5.68
472	584	5.33
447	541	5.15
477	587	5.69
464	563	4.43
462	564	4.66
467	570	5.23
423	497	5.06
477	583	5.73
388	429	3.55
485	593	5.67
483	591	5.51
477	582	5.8
421	484	4.93
482	586	6.53
388	437	5.22
476	576	5.09
389	438	6.27
381	423	4.51
357	384	6.2
474	569	5.08
455	540	5.38
489	591	5.97
398	448	5.4
480	572	6.51
457	536	4.93
493	588	3.24
473	560	5.51
490	582	6.34
490	581	5.84
475	559	5.51
476	560	5.91
495	587	5.44
490	577	4.94
401	445	5.7
440	502	4.8
475	553	5.19
440	503	3.8
461	533	4.93
495	578	6.3
416	467	4.28
483	563	5.18
478	554	4.5
486	566	6.11
496	577	4.3
488	564	5.86
356	377	4.38
439	498	3.96
483	560	5.3
496	577	3.58
492	568	5.28
462	527	4.77
465	530	5.58
469	535	5.14
499	575	4.77
498	572	6.09
498	572	3.05
458	513	5.6
458	511	5.64
489	557	5.5
424	461	1.94
405	442	5.71
462	518	2.23
386	414	5.59
479	539	4.43
502	563	5.08
512	574	6.12
504	562	4.77
470	520	5.63
444	486	5.73
504	560	6.74
504	560	5.94
514	573	4.91
487	539	4.01
476	524	5.9
511	569	6.03
447	486	4.94
461	498	5.12
476	522	6.21
418	442	4.75
408	435	4.21
448	485	5.44
514	566	4.03
514	564	5.39
416	437	4.86
369	378	5.99
372	381	6.51
482	524	4.61
457	487	3.11
514	561	4.64
521	567	4.91
501	543	6.4
421	440	5.11
371	385	5.18
501	541	5.59
401	416	5.14
516	559	3.64
519	562	5.42
523	566	4.31
492	530	6.32
517	557	5.24
510	549	4.81
518	559	5.69
506	544	5.06
521	562	5.07
525	565	5.15
515	552	5.15
348	358	5.38
517	556	3.77
350	359	5.96
405	417	3.42
520	556	6.01
449	468	4.51
494	526	5.53
465	491	1.25
522	553	4.43
452	475	5.41
490	516	6.48
398	405	5.41
511	536	4.13
517	542	5.91
510	537	4.92
521	548	6.74
501	526	4.22
474	490	5.11
402	415	5.59
524	549	5.15
524	549	4.27
496	518	2.48
530	554	3.78
533	557	4.43
469	483	4.9
532	556	5.57
433	448	4.52
496	516	4.93
419	433	3.41
491	511	4.53
499	516	4.89
455	465	5.06
530	550	6.01
533	553	6.32
469	484	4.81
502	515	6.06
514	528	4.12
536	553	5.99
475	489	5.06
537	552	5.55
435	441	3.67
511	526	5.66
536	550	4.73
514	528	4.56
530	540	5.78
476	486	4.8
347	351	5.75
513	523	6.55
514	524	5.03
535	543	5.19
536	545	5.54
540	546	5.49
371	369	5.13
488	492	3.94
540	543	5.51
527	530	5.3
533	534	6.26
544	546	5.3
512	510	4.67
546	544	6.21
472	472	4.74
499	494	5.32
477	475	5.38
453	447	5.17
549	541	7.31
549	541	5.89
536	528	4.82
549	540	5.63
494	484	5.55
520	510	5.69
541	530	4.08
516	505	5.2
550	539	5.94
486	479	3.72
531	518	4.49
518	508	5.77
501	491	5.2
501	491	6.05
538	522	5.3
476	467	4.56
540	522	6.25
401	392	5.06
550	532	4.5
522	508	5.6
552	532	4.7
552	532	6.07
531	508	5.41
367	365	5.91
406	399	7.33
526	504	3.21
556	528	4.47
545	516	5.17
552	522	5.31
509	486	3.74
560	529	3.92
525	495	4.71
551	517	5.4
552	517	7.18
465	442	4.39
562	526	5.83
507	481	4.22
519	490	4.41
506	475	4.8
495	469	5.04
406	389	6.28
565	523	5.87
432	415	2.45
564	522	5.81
545	507	5.58
556	514	4.28
423	407	5.19
552	511	4.08
564	519	5.99
565	521	5.16
507	471	5.76
424	402	4.21
552	508	5.38
562	516	5.48
464	435	6.1
569	520	6.38
566	517	5.71
408	388	5.47
569	519	5.48
552	503	3.77
554	504	5.78
520	479	5.93
554	502	4.5
536	487	6.52
520	477	5.3
543	494	5.39
552	498	4.52
419	397	5.42
494	454	5.22
512	464	5.29
532	479	5.97
573	512	2.9
404	385	3.23
562	497	5.7
499	453	3.98
552	488	5.73
377	359	3.73
521	468	4.87
537	476	6.1
564	496	4.51
501	452	5.96
577	504	4.68
578	504	6.19
517	462	5.04
565	495	5.46
579	504	5.66
504	452	6.19
581	503	5.1
571	495	3.69
441	407	4.76
354	341	5.27
575	496	5.16
510	453	5.09
562	486	5.24
583	501	5.66
570	490	4.72
582	500	5.3
519	457	6.07
576	494	5.88
534	467	5.98
519	456	5.73
485	433	4.69
576	493	5.96
543	469	4.35
527	460	5.69
581	496	2.38
552	476	4.49
552	476	6.08
582	495	5.1
573	490	4.34
559	480	4.14
457	413	4.23
404	378	4.55
583	493	6
582	492	5.57
565	482	5.29
577	488	2.85
400	374	5.18
550	469	5.02
587	494	5.63
414	379	5.52
448	405	4.25
494	434	4.23
451	405	5.53
553	468	5.07
577	484	5.34
584	483	5.08
536	452	3
558	468	5.52
564	471	5.09
465	407	6.17
478	413	4.4
462	403	6.13
470	411	5.74
588	480	5.54
442	392	5.11
595	478	6
564	459	5.43
473	405	4.69
597	478	5.6
590	474	5.61
595	476	5.65
586	470	6.39
400	366	5.04
597	475	5.55
599	475	4.74
593	472	5.83
562	454	6.45
467	403	5.55
462	397	5.62
600	474	5.29
536	437	4.47
599	472	4.86
601	472	2.95
446	390	5.26
439	386	4.26
593	467	4.29
565	454	5.69
512	422	1.73
448	390	5.27
450	391	5.07
574	456	3.77
557	445	4.5
554	444	4.99
582	459	5.79
588	461	5.8
559	444	4.94
517	424	6.11
557	444	5.58
602	466	3.52
598	464	5.43
557	443	4.28
585	457	6.45
596	460	6.04
469	397	3.39
406	364	4.79
464	394	5.05
382	349	5.49
573	445	5.45
587	452	5.33
368	342	5.09
535	425	4.79
535	424	5.11
476	396	4.18
600	455	5.34
547	430	4.14
605	457	4.17
463	388	2.87
607	458	5.75
340	328	5.76
601	452	5.96
452	382	5.75
607	453	5.35
608	453	5.37
409	359	5.28
590	443	5.12
610	453	3.86
604	450	4.82
522	411	6.42
575	437	4.78
519	412	4.55
522	411	5.62
585	438	5.53
593	442	6.2
611	449	5.79
604	445	5.76
498	400	4.42
612	448	4.8
444	373	4.51
510	404	4.55
601	441	6.57
601	441	6.35
612	446	5.76
613	444	4.78
548	416	5.47
534	409	3.97
615	443	3.65
615	443	4.42
533	408	4.12
443	373	5.52
611	442	5.6
614	442	5.51
606	438	6.36
585	428	6.43
474	384	4.07
518	402	4.34
610	439	4.82
569	423	5.64
570	421	4.29
377	344	5.83
535	408	4.52
459	375	4.91
611	438	6.39
509	397	3.76
598	431	6.43
617	437	5.88
377	343	5.45
598	428	5.21
618	435	4.04
547	406	6.28
547	406	5.85
550	408	6.6
618	432	5.04
506	390	4.64
404	352	5.08
602	424	5.84
553	405	4.89
603	423	6.33
453	369	5.19
588	416	4.18
365	335	4.13
535	397	4.5
616	425	3.41
526	392	2.07
583	412	6.12
550	402	5.25
582	413	4.8
546	398	4.84
619	424	6.4
606	419	4.68
581	411	2.93
500	380	4.84
545	397	5.11
606	416	6.27
372	336	5.32
616	418	4.2
598	412	3.97
606	413	5.24
615	416	5.68
510	381	3.49
619	416	6.19
616	414	4.05
597	407	3.51
547	391	5.91
586	402	5.99
443	359	3.5
577	397	4.46
621	411	5.16
623	411	3.73
542	388	4.95
522	380	6.03
424	350	6.04
620	409	5.8
615	406	3.27
624	409	6.2
614	406	5.53
627	409	6.11
623	408	4.91
579	394	4.2
526	378	5.72
550	385	5.6
587	394	1.17
608	400	5.45
523	377	5.34
622	402	5.76
628	403	5.43
507	369	4.11
629	401	6.22
627	400	6.23
549	379	3.62
627	398	6.18
547	378	5.09
574	384	5.12
629	397	4.48
502	365	5.37
593	388	2.44
519	369	4.64
619	393	2.49
628	395	5.44
545	373	4.28
605	387	4.48
562	377	5.62
627	392	4.54
601	386	4.76
478	357	4.84
534	369	5.3
523	367	5.68
631	391	5.42
611	385	3.68
628	389	5.05
608	384	4.71
398	338	4.41
540	368	3.88
627	388	5.39
479	355	5.68
546	369	5.91
629	386	5.15
599	379	6.19
523	362	4.53
631	383	4.22
630	380	4.24
596	374	6.51
485	351	3.99
631	379	4.93
633	379	3.7
630	377	4.41
558	363	5.54
526	358	4.82
333	321	5.5
585	368	4.41
554	363	5.98
630	376	4.99
626	375	5.2
633	376	5.56
437	341	4.75
528	357	5.44
553	361	5.81
633	374	5.05
608	370	4.58
591	366	5.58
567	362	5.77
588	364	5.35
624	370	5.19
615	368	6.28
616	368	3.96
628	370	5.09
587	361	5.56
467	342	4.96
610	364	4.42
616	364	4.38
511	348	5.53
636	366	4.95
636	365	6.26
551	353	5.75
606	360	5.99
634	364	4.27
629	361	4.54
485	341	4.89
565	350	5.22
615	356	6.24
637	359	6.39
571	349	4.38
616	354	4.7
613	354	5.33
591	351	4.97
637	356	5.91
562	346	5.55
585	349	5.63
554	345	4.69
638	352	5.68
624	349	6.26
539	341	3.81
622	349	5.49
551	342	4.29
538	339	6.07
522	338	5.35
628	347	4.97
637	347	4.13
388	326	3.21
590	342	5.3
548	339	4.15
623	344	5.36
623	344	4.82
638	345	4.49
628	343	4.49
633	342	5.09
627	341	6.36
598	339	4.93
623	340	5.24
622	338	5.28
540	333	4.97
638	338	4.95
524	331	5.18
486	329	4.88
639	336	5.49
601	333	4.59
468	327	5.43
639	334	5.77
600	332	5.95
635	331	5.77
622	331	5.17
364	321	5.1
639	331	5.59
622	329	5.06
634	330	5.3
635	329	5.76
639	329	5.93
639	329	6.29
491	324	4.51
637	326	6.22
492	323	6.03
357	320	6.57
363	320	5.72
458	321	5
609	322	4.63
627	322	6.28
519	321	4.8
639	321	4.88
513	320	5.13
500	320	4.88
637	320	4.03
452	320	4.49
545	319	6.36
530	319	5.71
391	319	4.78
639	317	5.13
604	317	5.8
638	317	4.37
597	317	5.04
636	316	6.33
636	316	5.7
625	315	4.55
468	317	5.9
634	313	4.99
